7141226668
7141227258
7141227330
7141227541
7141228801
7141228893
7141229079
7141229082
7141229687
7141230310
7141230470
7141230537
7141230662
7150109300
7150109458
7150109899
7150111373
7150111838
7150112603
7150113242
7150113742
7150113967
7150114208
7150114756
7150116344
7150116352
7150118141
7150118191
7150118525
7150118616
7150118990
7150119350
7150125299
7150125682
7150126134
7150126720
7150127236
7150127520
7150210174
7150210834
7150210875
7150210917
7150211256
7150211417
7150211977
7150213347
7150213521
7150213890
7150213933
7150214239
7150309455
7150309932
7150310951
7150320664
7150321316
7150321382
7150404086
7150405094
7150405278
7150406094
7150406183
7150406292
7150406421
7150408498
7150408876
7150409717
7150409929
7150412317
7150506843
7150507871
7150509082
7150510258
7150510380
7150513638
7150701000
7150701517
7150703234
7150703437
7150705612
7150768746
7150771747
7150801424
7150801523
7150808114
7150809144
7150812375
7150902785
7150952540
7150968047
7151011869
7151206077
7151206871
7151218174
7151219411
7151224149
7151224405
7151233341
7151300044
7151300547
7160138602
7160139882
7160146174
7160158626
7160165460
7160167538
7160170717
7160202716
7160204885
7160205701
7160315336
7160506084
8131008131
8131010408
8131108484
8131110081
8131118248
8131118797
8131119704
8131120057
8131120323
8131120352
8131120393
8131201512
8131204213
8131204215
8131204686
8131205073
8131205400
8131205711
8131205833
8131206272
8131207332
8131207455
8131207720
8131207728
8131207839
8131207864
8131208176
8131208250
8131208600
8131209457
8131210025
8131211472
8131216670
8131217158
8131217275
8131218146
8131218500
8131219362
8131219707
8131220030
8131220181
8131220263
8131220671
8131220706
8131220971
8131221351
8131221410
8131221659
8131221745
8131224317
8131224621
8131225808
8140102391
8140102720
8140102766
8140102856
8140103365
8140103757
8140105242
8140105253
8140105740
8140106064
8140106097
8140106121
8140107521
8140107833
8140107932
8140108916
8140109322
8140109497
8140109763
8140109941
8140110000
8140110003
8140110004
8140110005
8140110033
8140110050
8140110075
8140110692
8140110760
8140110803
8140115000
8140115394
8140115889
8140116246
8140117002
8140117599
8140118198
8140118396
8140118436
8140118982
8140119185
8140119212
8140119473
8140119894
8140120031
8140120041
8140120659
8140120840
8140121409
8140122140
8140122183
8140122882
8140213011
8140213136
8140213144
8140213355
8140213533
8140213826
8140214573
8140215200
8140215293
8140215940
8140216661
8140217879
8140218187
8140218648
8140221492
8140221928
8140221931
8140321096
8140321503
8140322578
8140322845
8140322900
8140322975
8140323055
8140323163
8140323522
8140323538
8140323785
8140323952
8140324515
8140324607
8140324642
8140324648
8140324680
8140324776
8140324777
8140324926
8140324960
8140325100
8140325143
8140325371
8140325597
8140325730
8140325900
8140326000
8140326023
8140326206
8140326256
8140326632
8140327001
8140327087
8140327100
8140327103
8140327381
8140327494
8140327557
8140327789
8140327800
8140327900
8140328000
8140328069
8140328208
8140328212
8140328300
8140328404
8140328421
8140328800
8140328900
8140328950
8140329014
8140329061
8140329664
8140329726
8140329742
8140329840
8140330072
8140330103
8140330167
8140330200
8140330364
8140330378
8140627090
8140627224
8140627771
8140628320
8140628400
8140628519
8140628700
8140629173
8140629363
8140629499
8140629521
8140630000
8140630006
8140630022
8140630030
8140630056
8140630081
8140630100
8140715400
8140715500
8140715648
8140715900
8140715943
8140716431
8140716700
8140716755
8140716823
8140716874
8140716900
8140717400
8140724297
8140724694
8140725128
8140725166
8140725300
8140725650
8140725779
8140726200
8140726225
8140726229
8140726300
8140726500
8140726513
8140726528
8140726555
8140815229
8140815500
8140815553
8140815700
8140820004
8140820022
8140820039
8140820042
8140820048
8140820081
8140820817
8140825000
8140825100
8140825439
8140825451
8140825467
8140825511
8140825599
8140825672
8140826000
8140826202
8140826325
8140828153
8140828223
8140828550
8140828600
8140828810
8140828900
8140829000
8140829200
8140829713
8140901000
8140901281
8140901601
8140901900
8140909080
8140909114
8140909150
8140909174
8140909537
8140909961
8140910016
8140910019
8140910027
8140910037
8140910062
8140910081
8140910082
8140910092
8140910200
8140910247
8140910300
8140910428
8140910700
8140910714
8140910825
8140910881
8140919200
8140919500
8140919900
8140920007
8140920010
8140920022
8140920034
8140920038
8140920040
8140920041
8140920049
8140920062
8140920081
8140920098
8140920309
8140920567
8140920663
8140921300
8140921900
8140922648
8140922700
8140922907
8140922939
8140923100
8140923282
8140923386
8140923439
8140928174
8140928280
8140928514
8140928750
8140928956
8140928982
8140929473
8140929566
8140929600
8140929700
8140930012
8140930081
8140930126
8141016077
8141016078
8141016100
8141016300
8141016456
8141031157
8141031335
8141031500
8141031800
8141031831
8141031898
8141105171
8141105605
8141105664
8141105855
8141105900
8141106158
8141106191
8141106600
8141106704
8141106800
8141106834
8141107468
8141108000
8141108220
8141108761
8141108900
8141108999
8141109000
8141109207
8141109492
8141120000
8141120092
8141120099
8141120235
8141120724
8141120910
8141121400
8141205221
8141207001
8150210884
8150501040
8150502311
8150603300
8150605340
8150722340
8150818100
8150825040
8150828840
8150921540
8150923950
8150924940
8151012240
8151115840
8160308277
8160308776
9140909141
9140910064
9140910087
9141022075
9141023013
9141023488
9141023600
9141024096
9141024423
9141024672
9141024683
9141025361
9141225011
9150107076
9150107155
9150107332
9150107417
9150109275
9150114175
9150119124
9150120058
9150120065
9150120125
9150120441
9150120717
9150126060
9150310208
9150310955
9150312003
9150314081
9150315395
9150315460
9150315531
9150315647
9150413868
9150414289
9150519385
9150520384
9150525048
9150528846
9150529126
9150601279
9150609646
9150610030
9150612035
9150712478
9150712704
9150717237
9150721106
9150721169
9150731278
9150806459
9150806546
9150828240
9150828251
9150906033
